[{"id": 0, "img_name": "IMG_00000", "width": 3798, "height": 2135, "position": [3.035085918520107, 2.7929904854381506, 0.28308501980597484], "rotation": [[0.4671945757799, 0.3087475679397531, -0.8284951222868646], [-0.6799633330446835, 0.724412147265064, -0.11347645839373169], [0.565136349986978, 0.6163618906017039, 0.5483784511970624]], "fy": 3212.016621595346, "fx": 3212.016621595346}, {"id": 1, "img_name": "IMG_00005", "width": 3798, "height": 2135, "position": [3.036227395533546, 2.7831923899817785, 0.2970133984263084], "rotation": [[0.4615552232332648, 0.30800236144857707, -0.8319262715218164], [-0.6794842636520733, 0.7256493580391529, -0.10832425687058828], [0.5703226379474087, 0.6152784365792981, 0.5442100092108226]], "fy": 3212.016621595346, "fx": 3212.016621595346}, {"id": 2, "img_name": "IMG_00010", "width": 3798, "height": 2135, "position": [3.0426127794962787, 2.7637306179428145, 0.31981499417213466], "rotation": [[0.45377693930268836, 0.30549920939525266, -0.8371121325222565], [-0.6794531134975078, 0.7264235432662666, -0.10320999150772875], [0.5765673906106961, 0.6156127588406191, 0.5372066410954119]], "fy": 3212.016621595346, "fx": 3212.016621595346}, {"id": 3, "img_name": "IMG_00015", "width": 3798, "height": 2135, "position": [3.056959814689539, 2.7523308327971274, 0.3526087726816589], "rotation": [[0.44523631586359413, 0.30137388960968564, -0.8431716324081017], [-0.6794005987640769, 0.7270747203073478, -0.09887961108846324], [0.583249045807387, 0.6168761056740009, 0.528473670879876]], "fy": 3212.016621595346, "fx": 3212.016621595346}, {"id": 4, "img_name": "IMG_00020", "width": 3798, "height": 2135, "position": [3.0707647107651987, 2.733336071057695, 0.385199289656733], "rotation": [[0.4321403370447926, 0.2988261382547676, -0.8508570198303328], [-0.6797712713882457, 0.7279312680996703, -0.08959401496759636], [0.5925923959130938, 0.6171053459649722, 0.517701887467518]], "fy": 3212.016621595346, "fx": 3212.016621595346}, {"id": 5, "img_name": "IMG_00025", "width": 3798, "height": 2135, "position": [3.080302940108428, 2.701834415339332, 0.4095835239408347], "rotation": [[0.4210603046715806, 0.29522751809300674, -0.85764149409326], [-0.6802350480363953, 0.7282481457790719, -0.08327615260244872], [0.599990415967454, 0.6184620851191988, 0.5074604910899121]], "fy": 3212.016621595346, "fx": 3212.016621595346}, {"id": 6, "img_name": "IMG_00030", "width": 3798, "height": 2135, "position": [3.113225980604553, 2.659321892411066, 0.4402937997292414], "rotation": [[0.4089879501706657, 0.2896104360387071, -0.8653638841277504], [-0.6811350248126503, 0.7279597539165148, -0.07829223876782175], [0.6072758307298812, 0.6214502329352504, 0.4949905790982849]], "fy": 3212.016621595346, "fx": 3212.016621595346}, {"id": 7, "img_name": "IMG_00035", "width": 3798, "height": 2135, "position": [3.160401722815037, 2.5977113938235266, 0.4679782735219695], "rotation": [[0.3954081443432823, 0.2788734399165996, -0.8751468470468741], [-0.6823437667535491, 0.7270040485704694, -0.07662961134394972], [0.6148653375817996, 0.6274509684997144, 0.47775087521551485]], "fy": 3212.016621595346, "fx": 3212.016621595346}, {"id": 8, "img_name": "IMG_00040", "width": 3798, "height": 2135, "position": [3.217508987738539, 2.519280661885494, 0.5044000770430396], "rotation": [[0.37385965488145523, 0.27353058645439887, -0.886233590384517], [-0.6844306268233847, 0.7262114867660673, -0.06458787467603239], [0.6259262540571915, 0.6307122123147219, 0.45871388655566264]], "fy": 3212.016621595346, "fx": 3212.016621595346}, {"id": 9, "img_name": "IMG_00045", "width": 3798, "height": 2135, "position": [3.27220936578597, 2.4362794233760314, 0.5585438588488666], "rotation": [[0.35817815760824057, 0.2703582306747461, -0.8936525244852088], [-0.6868413249296876, 0.7246421296730616, -0.05606048761579776], [0.632421854288099, 0.6338771261130269, 0.4452441882938979]], "fy": 3212.016621595346, "fx": 3212.016621595346}, {"id": 10, "img_name": "IMG_00050", "width": 3798, "height": 2135, "position": [3.3153806443287506, 2.371617076519297, 0.6383784280231337], "rotation": [[0.3421991788645811, 0.2664682414746844, -0.9010518288477058], [-0.6896360179247908, 0.722548366239649, -0.048228842254935844], [0.6382020720471252, 0.6379016654076106, 0.4310215545711756]], "fy": 3212.016621595346, "fx": 3212.016621595346}, {"id": 11, "img_name": "IMG_00055", "width": 3798, "height": 2135, "position": [3.352318736980077, 2.312961795510614, 0.6851346153306186], "rotation": [[0.3247265721037423, 0.2628692240072353, -0.9085441235512928], [-0.6926237880016805, 0.7202347965026765, -0.039167923112562064], [0.6440690503850937, 0.6419981378295284, 0.41594885425910416]], "fy": 3212.016621595346, "fx": 3212.016621595346}, {"id": 12, "img_name": "IMG_00060", "width": 3798, "height": 2135, "position": [3.3905030628856236, 2.250342732758752, 0.7206449814922847], "rotation": [[0.3035051641347151, 0.25848625924947893, -0.9170983966416966], [-0.6961409525938965, 0.7173512786012114, -0.02819427620758528], [0.6505938744448966, 0.6469868598885286, 0.3976626883004737]], "fy": 3212.016621595346, "fx": 3212.016621595346}, {"id": 13, "img_name": "IMG_00065", "width": 3798, "height": 2135, "position": [3.4259704806063955, 2.188590465420677, 0.7685218099731765], "rotation": [[0.2833769787896361, 0.253929169256781, -0.9247796845155168], [-0.6997311727265962, 0.7141714014409927, -0.01831653019735552], [0.6558001020179244, 0.6522876561490102, 0.38006188947184666]], "fy": 3212.016621595346, "fx": 3212.016621595346}, {"id": 14, "img_name": "IMG_00070", "width": 3798, "height": 2135, "position": [3.458822056882509, 2.1321222561656366, 0.8361707117078628], "rotation": [[0.261559561991229, 0.24972638731912536, -0.9323214719223699], [-0.7033312006227472, 0.7108286401118851, -0.006918571185798258], [0.6609930542460495, 0.6575403986624899, 0.36156438757882736]], "fy": 3212.016621595346, "fx": 3212.016621595346}, {"id": 15, "img_name": "IMG_00075", "width": 3798, "height": 2135, "position": [3.48889835775836, 2.075828323375331, 0.9107942277401536], "rotation": [[0.23723749939914254, 0.24570650633149427, -0.9398652465248477], [-0.7068342903570017, 0.7073492675153322, 0.006503823570531122], [0.6664110254597795, 0.6627860337181934, 0.3414835554660725]], "fy": 3212.016621595346, "fx": 3212.016621595346}, {"id": 16, "img_name": "IMG_00080", "width": 3798, "height": 2135, "position": [3.5219132807504945, 2.018189969165996, 0.9878711822674117], "rotation": [[0.21177877638342643, 0.24173487728103002, -0.9469498397378098], [-0.7093753162661158, 0.7045120708815439, 0.021199119192700303], [0.6722621590911441, 0.6672533185291203, 0.3206814593424286]], "fy": 3212.016621595346, "fx": 3212.016621595346}, {"id": 17, "img_name": "IMG_00085", "width": 3798, "height": 2135, "position": [3.545721370880982, 1.9528671623733995, 1.0427572985221656], "rotation": [[0.1913130158062986, 0.23841341204211722, -0.952133590911241], [-0.7108256928945621, 0.7025889050126096, 0.03310082890423815], [0.6768501786245346, 0.6704684000843123, 0.3038847811002022]], "fy": 3212.016621595346, "fx": 3212.016621595346}, {"id": 18, "img_name": "IMG_00090", "width": 3798, "height": 2135, "position": [3.5475929698412223, 1.891389727546003, 1.1065551140800722], "rotation": [[0.17152012511491133, 0.23405268786495034, -0.9569744959944111], [-0.7118468846123571, 0.7009642642003804, 0.043853314375318586], [0.681068909544582, 0.6736975876587442, 0.28683915498854456]], "fy": 3212.016621595346, "fx": 3212.016621595346}, {"id": 19, "img_name": "IMG_00095", "width": 3798, "height": 2135, "position": [3.520655896253368, 1.8441532680331347, 1.1783636056335054], "rotation": [[0.15161325401370668, 0.23030727811613672, -0.9612346117645323], [-0.7124221025100738, 0.6995731917843581, 0.05524578890532458], [0.685177472675876, 0.6764287892922521, 0.2701405633260519]], "fy": 3212.016621595346, "fx": 3212.016621595346}, {"id": 20, "img_name": "IMG_00100", "width": 3798, "height": 2135, "position": [3.503713338634078, 1.8001008984526337, 1.222907833543152], "rotation": [[0.1303620791375598, 0.2255435475732281, -0.965471820650927], [-0.7125219704802966, 0.6984477638430483, 0.06695642437825189], [0.689433223674206, 0.6791913053998324, 0.2517558356095522]], "fy": 3212.016621595346, "fx": 3212.016621595346}, {"id": 21, "img_name": "IMG_00105", "width": 3798, "height": 2135, "position": [3.5392716559844257, 1.7529286514762112, 1.2657709672999808], "rotation": [[0.10520131737554311, 0.21928995875956223, -0.9699714412340602], [-0.7113255475743965, 0.6982142184071465, 0.0807023579710197], [0.6949450684697572, 0.6814754721934804, 0.2294396055789794]], "fy": 3212.016621595346, "fx": 3212.016621595346}, {"id": 22, "img_name": "IMG_00110", "width": 3798, "height": 2135, "position": [3.6090388489422827, 1.7044889035718904, 1.3123960877449763], "rotation": [[0.07764658983280424, 0.21196216608700405, -0.9741884043833827], [-0.7079755397942475, 0.699707482040482, 0.09581270599253514], [0.7019555841649667, 0.6822620315716488, 0.20439392881234622]], "fy": 3212.016621595346, "fx": 3212.016621595346}, {"id": 23, "img_name": "IMG_00115", "width": 3798, "height": 2135, "position": [3.6500009977982693, 1.6446978142115884, 1.3708329161926218], "rotation": [[0.05907801517042069, 0.20723359332375388, -0.9765060296391661], [-0.7025267751457857, 0.7035956539382519, 0.10681425917201277], [0.7092009012450462, 0.6797112574890373, 0.18715418273681628]], "fy": 3212.016621595346, "fx": 3212.016621595346}, {"id": 24, "img_name": "IMG_00120", "width": 3798, "height": 2135, "position": [3.645757592784589, 1.5754519399278073, 1.3878604728842956], "rotation": [[0.046712337518733875, 0.20433550824079963, -0.9777857421723383], [-0.6936993792732938, 0.7109545328219089, 0.11543319910592555], [0.7187483069332287, 0.6728972078497247, 0.1749577633277865]], "fy": 3212.016621595346, "fx": 3212.016621595346}, {"id": 25, "img_name": "IMG_00125", "width": 3798, "height": 2135, "position": [3.6231221856171807, 1.4297040859004346, 1.2747674445332777], "rotation": [[0.04406908736509572, 0.19943566011203745, -0.9789194721806707], [-0.6791901218843651, 0.72457031760406, 0.11704116020380526], [0.7326381739122719, 0.6597145385110346, 0.16738588292823212]], "fy": 3212.016621595346, "fx": 3212.016621595346}, {"id": 26, "img_name": "IMG_00130", "width": 3798, "height": 2135, "position": [3.6712680437020255, 1.2130105095650487, 1.1229108266461816], "rotation": [[0.05546587559763324, 0.19914448332534532, -0.9783992086082597], [-0.6619579455209177, 0.7409308929396516, 0.11328323022131878], [0.747485929637417, 0.6413757764748617, 0.17292165377810426]], "fy": 3212.016621595346, "fx": 3212.016621595346}, {"id": 27, "img_name": "IMG_00135", "width": 3798, "height": 2135, "position": [3.8072087652500586, 0.981575457207244, 0.8735461313552714], "rotation": [[0.07166906624533453, 0.22972039270743116, -0.9706142828734107], [-0.6644205129731316, 0.7367774740149978, 0.12531694109177635], [0.743914596498847, 0.6359146915730307, 0.20543509475631178]], "fy": 3212.016621595346, "fx": 3212.016621595346}, {"id": 28, "img_name": "IMG_00140", "width": 3798, "height": 2135, "position": [4.021793510308148, 0.716619361522763, 0.6881604660732406], "rotation": [[0.06752010550104147, 0.25497467580810895, -0.9645874507009086], [-0.6668977424047012, 0.730616879252471, 0.14644581566877554], [0.7420838473707947, 0.6333931563002004, 0.21937336443476702]], "fy": 3212.016621595346, "fx": 3212.016621595346}, {"id": 29, "img_name": "IMG_00145", "width": 3798, "height": 2135, "position": [4.266808971112246, 0.5013047645640987, 0.6916680267342683], "rotation": [[0.03712795152907247, 0.2695965668306213, -0.9622573493449645], [-0.6667465560523299, 0.7239368443920784, 0.17710018442677325], [0.7443591506844073, 0.6350064066486117, 0.2066308745265473]], "fy": 3212.016621595346, "fx": 3212.016621595346}, {"id": 30, "img_name": "IMG_00150", "width": 3798, "height": 2135, "position": [4.479712653619716, 0.3216537089643897, 0.80703580322741], "rotation": [[-0.02075570811710279, 0.28431353848795193, -0.9585066574693247], [-0.6666051932555282, 0.7105767404026129, 0.22520704323701224], [0.7451219476738808, 0.6436198472943928, 0.17477635785032528]], "fy": 3212.016621595346, "fx": 3212.016621595346}, {"id": 31, "img_name": "IMG_00155", "width": 3798, "height": 2135, "position": [4.650974024442555, 0.2335524770795325, 0.9851240869794151], "rotation": [[-0.06946358974070332, 0.29903567049036184, -0.9517102907264975], [-0.6744182498987114, 0.6888931320619028, 0.26568077988725675], [0.7350747131441092, 0.6603059293784368, 0.15382212364866152]], "fy": 3212.016621595346, "fx": 3212.016621595346}, {"id": 32, "img_name": "IMG_00160", "width": 3798, "height": 2135, "position": [4.760066406034826, 0.20844751975748976, 1.151624585128985], "rotation": [[-0.11368934163556693, 0.3151420587617465, -0.942210282473015], [-0.6864091813005508, 0.6607119140980102, 0.3038127752337789], [0.7182737426808655, 0.6812820630020663, 0.14120050002344264]], "fy": 3212.016621595346, "fx": 3212.016621595346}, {"id": 33, "img_name": "IMG_00165", "width": 3798, "height": 2135, "position": [4.788978260061763, 0.14328272463657665, 1.2842293898999977], "rotation": [[-0.15828508031278346, 0.33664935653843137, -0.9282311372134828], [-0.6979182289370122, 0.626854348523836, 0.3463578661647247], [0.6984668775738759, 0.7026527139910705, 0.1357320317875739]], "fy": 3212.016621595346, "fx": 3212.016621595346}, {"id": 34, "img_name": "IMG_00170", "width": 3798, "height": 2135, "position": [4.729712007830657, 0.014859941287317966, 1.4007043901928695], "rotation": [[-0.2009744687414659, 0.3531958023194922, -0.9137078242731513], [-0.7065483756708295, 0.5938063862897605, 0.3849459292399496], [0.6785268275838457, 0.7229430827011115, 0.1302099974027183]], "fy": 3212.016621595346, "fx": 3212.016621595346}, {"id": 35, "img_name": "IMG_00175", "width": 3798, "height": 2135, "position": [4.617144228644677, -0.17516892257532388, 1.497740428534592], "rotation": [[-0.24665357732667084, 0.3685905173564047, -0.8962717463509009], [-0.7094203535400044, 0.5613901666778246, 0.4261030893347513], [0.6602157032176155, 0.7409332704585359, 0.1230167222473725]], "fy": 3212.016621595346, "fx": 3212.016621595346}, {"id": 36, "img_name": "IMG_00180", "width": 3798, "height": 2135, "position": [4.458910840282678, -0.412315391840711, 1.5151026506213996], "rotation": [[-0.2963707878690707, 0.3789971491524728, -0.8766558714981406], [-0.7055571482298287, 0.5317629164319232, 0.4684200158934356], [0.6437029335645889, 0.7573568258371439, 0.10980515324077]], "fy": 3212.016621595346, "fx": 3212.016621595346}, {"id": 37, "img_name": "IMG_00185", "width": 3798, "height": 2135, "position": [4.3222931059909016, -0.6299501347803013, 1.5743296446598705], "rotation": [[-0.3648127574028559, 0.387567895970847, -0.8465830012756315], [-0.685054860880273, 0.5040483760464202, 0.5259610937980835], [0.630564421467335, 0.7718331170775825, 0.08162199312604242]], "fy": 3212.016621595346, "fx": 3212.016621595346}, {"id": 38, "img_name": "IMG_00190", "width": 3798, "height": 2135, "position": [4.189453292944254, -0.8207496523693116, 1.7220463416242102], "rotation": [[-0.41750317845318236, 0.38747315541915744, -0.8219219244009807], [-0.6692827535466735, 0.4806820424504169, 0.5665733578899367], [0.6146150761138818, 0.7866443465094103, 0.05864281983593546]], "fy": 3212.016621595346, "fx": 3212.016621595346}, {"id": 39, "img_name": "IMG_00195", "width": 3798, "height": 2135, "position": [4.069084591145782, -1.063340436854925, 2.0083247671247015], "rotation": [[-0.472544809456885, 0.38407782129689766, -0.7932122227015823], [-0.6471799663941455, 0.4597018341103433, 0.6081384010352076], [0.5982135857312408, 0.8007237044720324, 0.03133775587301029]], "fy": 3212.016621595346, "fx": 3212.016621595346}, {"id": 40, "img_name": "IMG_00200", "width": 3798, "height": 2135, "position": [3.8784921142853945, -1.4199429307766462, 2.251553868157547], "rotation": [[-0.5259408784438712, 0.3791126526123072, -0.7613539183657947], [-0.6231698382984808, 0.4374441182892805, 0.6483070229522112], [0.5788311887042147, 0.815423963348744, 0.006181826582150837]], "fy": 3212.016621595346, "fx": 3212.016621595346}, {"id": 41, "img_name": "IMG_00205", "width": 3798, "height": 2135, "position": [3.7636385734576656, -1.8228632788522396, 2.422708092618738], "rotation": [[-0.5770916997429576, 0.3707111837652545, -0.7276938836620431], [-0.5949478993258195, 0.4195723910851021, 0.6855625469108743], [0.5594659660565405, 0.8285724029138877, -0.021577904298792257]], "fy": 3212.016621595346, "fx": 3212.016621595346}, {"id": 42, "img_name": "IMG_00210", "width": 3798, "height": 2135, "position": [3.617040878022341, -2.137977217263254, 2.504026474550223], "rotation": [[-0.6252306098644469, 0.3627497635356196, -0.6910132368800063], [-0.5669091606570947, 0.3974271569260415, 0.7215716586041555], [0.5363773746641443, 0.8428904222925633, -0.04283745972702437]], "fy": 3212.016621595346, "fx": 3212.016621595346}, {"id": 43, "img_name": "IMG_00215", "width": 3798, "height": 2135, "position": [3.398102342230327, -2.335790427702574, 2.560038932212971], "rotation": [[-0.6817511045783972, 0.3520613685852945, -0.6413019757929835], [-0.5300373943866374, 0.3665118553867719, 0.7646760231711007], [0.5042576642530673, 0.8612327517058297, -0.06326417178186625]], "fy": 3212.016621595346, "fx": 3212.016621595346}, {"id": 44, "img_name": "IMG_00220", "width": 3798, "height": 2135, "position": [3.127351308168794, -2.421308583793781, 2.681977695332137], "rotation": [[-0.7508063820915486, 0.3401805835568937, -0.5661863184336849], [-0.4722086856954876, 0.32292408508628795, 0.8202066766522469], [0.4618535847693932, 0.8831745047509438, -0.08181723775333435]], "fy": 3212.016621595346, "fx": 3212.016621595346}, {"id": 45, "img_name": "IMG_00225", "width": 3798, "height": 2135, "position": [2.8059766153753247, -2.4452061175236763, 2.78215755848905], "rotation": [[-0.814014530237297, 0.3177363393099024, -0.4862344735253711], [-0.4119728698980628, 0.27429220510225594, 0.86893160875186], [0.40946147441548886, 0.9076383668081053, -0.0923790889076598]], "fy": 3212.016621595346, "fx": 3212.016621595346}, {"id": 46, "img_name": "IMG_00230", "width": 3798, "height": 2135, "position": [2.4422373899374046, -2.457543207222711, 2.857125081906446], "rotation": [[-0.8628869163894743, 0.28326168425205356, -0.4185558358911676], [-0.3598307584342397, 0.2372156197918595, 0.9023583406892207], [0.3548915254109402, 0.9292424699514407, -0.10276398800183903]], "fy": 3212.016621595346, "fx": 3212.016621595346}, {"id": 47, "img_name": "IMG_00235", "width": 3798, "height": 2135, "position": [2.0752527575554796, -2.494121744389331, 2.880061490158794], "rotation": [[-0.8982388705078566, 0.24712017298941966, -0.36345364437634914], [-0.31630498673596885, 0.2106864847481796, 0.9249661401967174], [0.3051525632773366, 0.9458027411919118, -0.11108144705186686]], "fy": 3212.016621595346, "fx": 3212.016621595346}, {"id": 48, "img_name": "IMG_00240", "width": 3798, "height": 2135, "position": [1.7904742522090857, -2.536009952834121, 2.9540374064144657], "rotation": [[-0.9274122240849773, 0.21422051179044085, -0.30662051292436027], [-0.2667219468421701, 0.19595986679897223, 0.9436414221921651], [0.26223266327915523, 0.9569270102428769, -0.12459826394115839]], "fy": 3212.016621595346, "fx": 3212.016621595346}, {"id": 49, "img_name": "IMG_00245", "width": 3798, "height": 2135, "position": [1.542131808762157, -2.569383023441161, 3.0849825003168236], "rotation": [[-0.9521344808589475, 0.18453453462083985, -0.24369434932253323], [-0.20879561736934005, 0.1896520142456042, 0.9593938209410886], [0.22325841647476352, 0.9643542497572432, -0.14204422004547018]], "fy": 3212.016621595346, "fx": 3212.016621595346}, {"id": 50, "img_name": "IMG_00250", "width": 3798, "height": 2135, "position": [1.2518321558433498, -2.5748566790801473, 3.226844196257638], "rotation": [[-0.9726966449870973, 0.15643275969281217, -0.17143520211944635], [-0.14073221869163496, 0.1898010620806024, 0.9716841047661554], [0.184541809498483, 0.9692803250494494, -0.16260372695316472]], "fy": 3212.016621595346, "fx": 3212.016621595346}, {"id": 51, "img_name": "IMG_00255", "width": 3798, "height": 2135, "position": [0.956802093842763, -2.633332784283787, 3.314610046066189], "rotation": [[-0.9844755264848877, 0.1283182157433217, -0.11975964788171845], [-0.09361560851682364, 0.1932912375735368, 0.9766650476592859], [0.1484724068449342, 0.9727142093059712, -0.1782779050245189]], "fy": 3212.016621595346, "fx": 3212.016621595346}, {"id": 52, "img_name": "IMG_00260", "width": 3798, "height": 2135, "position": [0.6978698254742018, -2.7509647088461455, 3.3890564898286257], "rotation": [[-0.9924672368141777, 0.10061627054926134, -0.06989384773489604], [-0.04887480311688751, 0.19796697134361407, 0.978989444211388], [0.11233894013527307, 0.9750309966138484, -0.1915581326164174]], "fy": 3212.016621595346, "fx": 3212.016621595346}, {"id": 53, "img_name": "IMG_00265", "width": 3798, "height": 2135, "position": [0.46871612057801565, -2.8354929077590203, 3.431447973393597], "rotation": [[-0.9969716560706596, 0.07234611840469465, -0.028522905593558603], [-0.013493312426725914, 0.2002852884387853, 0.9796446977117504], [0.07658620966910373, 0.977062865115017, -0.19870256692290955]], "fy": 3212.016621595346, "fx": 3212.016621595346}, {"id": 54, "img_name": "IMG_00270", "width": 3798, "height": 2135, "position": [0.2879825892626925, -2.8498245774400943, 3.4278721103423586], "rotation": [[-0.9989661518494181, 0.04304523714942604, 0.014619679131719647], [0.022994521748412475, 0.2010322827124397, 0.9793146957321672], [0.03921580585333614, 0.9786384055748963, -0.20181425050054796]], "fy": 3212.016621595346, "fx": 3212.016621595346}, {"id": 55, "img_name": "IMG_00275", "width": 3798, "height": 2135, "position": [0.12447119267742686, -2.833817277450717, 3.368352888355052], "rotation": [[-0.9982603571556474, 0.012982384696542176, 0.057512755272803834], [0.05894761895361486, 0.19992546189721966, 0.9780362917115514], [0.0011989792232818541, 0.9797250978579521, -0.200342943664227]], "fy": 3212.016621595346, "fx": 3212.016621595346}, {"id": 56, "img_name": "IMG_00280", "width": 3798, "height": 2135, "position": [-0.09014618568565519, -2.7739126769315585, 3.2724016632516655], "rotation": [[-0.9939314317877969, -0.01673382993874803, 0.10872114716024714], [0.10337146110652604, 0.1958543819282581, 0.9751694222586152], [-0.03761183235314422, 0.9804902039363171, -0.1929360258011907]], "fy": 3212.016621595346, "fx": 3212.016621595346}, {"id": 57, "img_name": "IMG_00285", "width": 3798, "height": 2135, "position": [-0.38852190086552685, -2.58648423857857, 3.1688961958225743], "rotation": [[-0.9875438639922366, -0.04706698118538418, 0.15013932187597703], [0.13862599973850748, 0.19111919046109668, 0.9717285048993853], [-0.07443083291071562, 0.9804377360748563, -0.18221387650952234]], "fy": 3212.016621595346, "fx": 3212.016621595346}, {"id": 58, "img_name": "IMG_00290", "width": 3798, "height": 2135, "position": [-0.6854511881404137, -2.372090425524804, 3.0714244262644996], "rotation": [[-0.9792143646477109, -0.07668358249230271, 0.18777341729788397], [0.17070773305391584, 0.18837325856672968, 0.9671475509623879], [-0.10953582949506555, 0.9790991490309335, -0.17136732017432504]], "fy": 3212.016621595346, "fx": 3212.016621595346}, {"id": 59, "img_name": "IMG_00295", "width": 3798, "height": 2135, "position": [-0.9570154837900444, -2.2838020526439937, 3.025719961581546], "rotation": [[-0.965148815212516, -0.1055701338925406, 0.23946338201025258], [0.2180493827782441, 0.18158764996430715, 0.958895402038443], [-0.14471430877388694, 0.9776916038354586, -0.15223960268519146]], "fy": 3212.016621595346, "fx": 3212.016621595346}, {"id": 60, "img_name": "IMG_00300", "width": 3798, "height": 2135, "position": [-1.197983687185283, -2.215944489157316, 2.943120116233446], "rotation": [[-0.9505745824944732, -0.1335339303396805, 0.2803152735109072], [0.25519008531129656, 0.17829897419284374, 0.950309158200947], [-0.17687844264994684, 0.9748734098588477, -0.13540993787721922]], "fy": 3212.016621595346, "fx": 3212.016621595346}, {"id": 61, "img_name": "IMG_00305", "width": 3798, "height": 2135, "position": [-1.3947522037525544, -2.1608792677250572, 2.865291912580534], "rotation": [[-0.9316628304454552, -0.16187547235562902, 0.325270198167623], [0.29698285218884796, 0.17642858736719558, 0.9384424005048966], [-0.20929776843564196, 0.970911574248272, -0.1162977175984229]], "fy": 3212.016621595346, "fx": 3212.016621595346}, {"id": 62, "img_name": "IMG_00310", "width": 3798, "height": 2135, "position": [-1.6104620585156728, -2.1156255357001483, 2.8507408614911274], "rotation": [[-0.9071702839957868, -0.1898832704007107, 0.37548158337917653], [0.3444228632258453, 0.177482037109662, 0.9218855773851302], [-0.24169188468443362, 0.9656316430841189, -0.0956062903388225]], "fy": 3212.016621595346, "fx": 3212.016621595346}, {"id": 63, "img_name": "IMG_00315", "width": 3798, "height": 2135, "position": [-1.8724863257401745, -2.0455800816182497, 2.898677610548687], "rotation": [[-0.8758477762499987, -0.218295225282183, 0.43039268982747897], [0.39757513517316084, 0.1791240245371391, 0.8999158825832895], [-0.2735410110567964, 0.9593027564083295, -0.07009662486458347]], "fy": 3212.016621595346, "fx": 3212.016621595346}, {"id": 64, "img_name": "IMG_00320", "width": 3798, "height": 2135, "position": [-2.165117035683912, -1.9922479095870609, 2.831523718888522], "rotation": [[-0.8468104987729334, -0.24740252425598613, 0.47085451060779016], [0.4352280807583389, 0.18658219656222533, 0.8807744328972247], [-0.30575888684934116, 0.950778141796382, -0.050323237126305986]], "fy": 3212.016621595346, "fx": 3212.016621595346}, {"id": 65, "img_name": "IMG_00325", "width": 3798, "height": 2135, "position": [-2.463040991961945, -1.946685663252191, 2.7412172044424277], "rotation": [[-0.8164325690398239, -0.27582281926771435, 0.5073062512745553], [0.4691089550674877, 0.19546931504740228, 0.8612366313333341], [-0.33671152116689196, 0.9411235409052887, -0.030196560522159095]], "fy": 3212.016621595346, "fx": 3212.016621595346}, {"id": 66, "img_name": "IMG_00330", "width": 3798, "height": 2135, "position": [-2.7294131952682563, -1.8780759392372375, 2.611340574596298], "rotation": [[-0.7817583934530573, -0.3045848319358198, 0.5441340776135261], [0.5034952971308279, 0.20649338917060903, 0.8389594543218251], [-0.36789441424522035, 0.9298325442699149, -0.008070909719623058]], "fy": 3212.016621595346, "fx": 3212.016621595346}, {"id": 67, "img_name": "IMG_00335", "width": 3798, "height": 2135, "position": [-2.945416103372349, -1.8010104362635988, 2.493808062879226], "rotation": [[-0.736282778766091, -0.33340710958957387, 0.5888356043647575], [0.5464393267874362, 0.2202972082151449, 0.8080056944061142], [-0.39911368284309273, 0.91668360917371, 0.01998571589121267]], "fy": 3212.016621595346, "fx": 3212.016621595346}, {"id": 68, "img_name": "IMG_00340", "width": 3798, "height": 2135, "position": [-3.0849685213506373, -1.7241872239928993, 2.3561099303886315], "rotation": [[-0.69090883513374, -0.36288611879979243, 0.6252668600818065], [0.5810485877442397, 0.2358699275558677, 0.7789402518519722], [-0.4301482537620756, 0.9014871280596372, 0.04788984994990365]], "fy": 3212.016621595346, "fx": 3212.016621595346}, {"id": 69, "img_name": "IMG_00345", "width": 3798, "height": 2135, "position": [-3.1946107317412333, -1.5997031984490835, 2.2139462828028247], "rotation": [[-0.6418693723530705, -0.3921558654880832, 0.6589518085553505], [0.6135585207674118, 0.25278957814649505, 0.748093156481345], [-0.4599452689492309, 0.8844835817265401, 0.0783526848768445]], "fy": 3212.016621595346, "fx": 3212.016621595346}, {"id": 70, "img_name": "IMG_00350", "width": 3798, "height": 2135, "position": [-3.290319798338192, -1.423900586046819, 2.0486384085002984], "rotation": [[-0.586517599053479, -0.421151294906542, 0.6918299594546955], [0.646148479021986, 0.2717249989644896, 0.7132024032456161], [-0.48835361067377897, 0.8653306372342833, 0.1127547746465405]], "fy": 3212.016621595346, "fx": 3212.016621595346}, {"id": 71, "img_name": "IMG_00355", "width": 3798, "height": 2135, "position": [-3.3886535247419123, -1.1804107107860957, 1.885186858844655], "rotation": [[-0.5302827079378072, -0.44843248408468217, 0.7195196709470749], [0.6731570199876687, 0.29324176381928296, 0.6788732535558292], [-0.5154220368818812, 0.8443444647593757, 0.1463644380535643]], "fy": 3212.016621595346, "fx": 3212.016621595346}, {"id": 72, "img_name": "IMG_00360", "width": 3798, "height": 2135, "position": [-3.5268406316887937, -0.9814001794261269, 1.6753500165247128], "rotation": [[-0.47071823794860834, -0.4733589370122901, 0.7445506411340677], [0.6978675260036971, 0.3165691652500264, 0.6424678044558972], [-0.539819651932047, 0.8220190267648895, 0.1813269506291528]], "fy": 3212.016621595346, "fx": 3212.016621595346}, {"id": 73, "img_name": "IMG_00365", "width": 3798, "height": 2135, "position": [-3.631191242197308, -0.7948263926440093, 1.4862093753834924], "rotation": [[-0.4100724120318301, -0.49701910449833875, 0.7647304274409816], [0.7176804254517428, 0.3415781160856132, 0.6068436351604989], [-0.5628280588366241, 0.7976818917181664, 0.21662912041349608]], "fy": 3212.016621595346, "fx": 3212.016621595346}, {"id": 74, "img_name": "IMG_00370", "width": 3798, "height": 2135, "position": [-3.705842405471946, -0.6090615868145337, 1.3040454812057893], "rotation": [[-0.34143088166970004, -0.519781348479119, 0.7831042732711141], [0.7374290013987346, 0.3684526939773749, 0.5660751541949887], [-0.582772186139933, 0.7707593412175057, 0.257500712596373]], "fy": 3212.016621595346, "fx": 3212.016621595346}, {"id": 75, "img_name": "IMG_00375", "width": 3798, "height": 2135, "position": [-3.770695169105257, -0.4244266936949924, 1.1638261701838428], "rotation": [[-0.2605319041250682, -0.5404509915642545, 0.8000224075925503], [0.7600867376160896, 0.39612332082554824, 0.5151256798085978], [-0.5953077172631787, 0.742293096031045, 0.3075868679764293]], "fy": 3212.016621595346, "fx": 3212.016621595346}, {"id": 76, "img_name": "IMG_00380", "width": 3798, "height": 2135, "position": [-3.828037991187689, -0.20217195294002113, 1.035796919406318], "rotation": [[-0.18374033396789896, -0.555195034484833, 0.8111707362551672], [0.771744638280839, 0.4296263188118021, 0.46886185542118586], [-0.6088100713343547, 0.7121655003351433, 0.34952910776393575]], "fy": 3212.016621595346, "fx": 3212.016621595346}, {"id": 77, "img_name": "IMG_00385", "width": 3798, "height": 2135, "position": [-3.8808953306714438, 0.014923730644391339, 0.8944957846737369], "rotation": [[-0.10854712310768296, -0.564929111515984, 0.8179685941567723], [0.7773074427654155, 0.4646932697486816, 0.42409115113589585], [-0.6196859377834355, 0.6818469505776497, 0.38868248545750594]], "fy": 3212.016621595346, "fx": 3212.016621595346}, {"id": 78, "img_name": "IMG_00390", "width": 3798, "height": 2135, "position": [-3.9583890985864927, 0.20329432666074812, 0.7570619121725812], "rotation": [[-0.036702969178128084, -0.5687466476741078, 0.8216934603688737], [0.7782590039298455, 0.49952185407397354, 0.380513915783148], [-0.6268698547989319, 0.6534563245251854, 0.42429826429341155]], "fy": 3212.016621595346, "fx": 3212.016621595346}, {"id": 79, "img_name": "IMG_00395", "width": 3798, "height": 2135, "position": [-4.0128808439052515, 0.3431596687419303, 0.592708788580347], "rotation": [[0.027539590172735603, -0.5682267568250289, 0.8224110430929459], [0.7734819438949324, 0.5332753793572422, 0.342553721684506], [-0.6332197513041063, 0.6266863031848543, 0.4541993218388449]], "fy": 3212.016621595346, "fx": 3212.016621595346}, {"id": 80, "img_name": "IMG_00400", "width": 3798, "height": 2135, "position": [-4.05191837089915, 0.46071736920100964, 0.42215233281396686], "rotation": [[0.0826916656081912, -0.566008890377334, 0.8202414427793575], [0.7653160264917085, 0.5632486521063998, 0.3115161881752958], [-0.6383208190509578, 0.6019841292875941, 0.4797516441368093]], "fy": 3212.016621595346, "fx": 3212.016621595346}, {"id": 81, "img_name": "IMG_00405", "width": 3798, "height": 2135, "position": [-4.05899667265617, 0.5398453651277713, 0.2543878343257887], "rotation": [[0.13126959866587826, -0.5632472092751755, 0.8157946271641081], [0.7553572893561799, 0.5897772453281854, 0.2856539275234665], [-0.6420308854584675, 0.5787187418226787, 0.5028727075320276]], "fy": 3212.016621595346, "fx": 3212.016621595346}, {"id": 82, "img_name": "IMG_00410", "width": 3798, "height": 2135, "position": [-4.023463625908677, 0.6010864567882664, 0.11731471974947096], "rotation": [[0.1804833941995719, -0.5618724661528028, 0.8072949127782046], [0.7456952472015234, 0.6133806852905707, 0.26019748886860644], [-0.641376911588857, 0.5550346535954642, 0.5296906555612457]], "fy": 3212.016621595346, "fx": 3212.016621595346}, {"id": 83, "img_name": "IMG_00415", "width": 3798, "height": 2135, "position": [-3.895602615672041, 0.691665617638886, -0.014273274713378773], "rotation": [[0.2298245393370061, -0.5611332907135707, 0.7951792949841514], [0.735035214738309, 0.6356008460199708, 0.23608218406585657], [-0.637890205453212, 0.5302273046455234, 0.5585294004752146]], "fy": 3212.016621595346, "fx": 3212.016621595346}, {"id": 84, "img_name": "IMG_00420", "width": 3798, "height": 2135, "position": [-3.744581654316487, 0.7325140204065677, -0.13714367031971678], "rotation": [[0.27451577045273046, -0.5580308775804115, 0.7830980982224254], [0.7214211257009755, 0.6579600073476397, 0.21596339533224376], [-0.6357614734828472, 0.5056581536946968, 0.5831956622240853]], "fy": 3212.016621595346, "fx": 3212.016621595346}, {"id": 85, "img_name": "IMG_00425", "width": 3798, "height": 2135, "position": [-3.6324071531467492, 0.7696302259163074, -0.23992794834841788], "rotation": [[0.3254685243829313, -0.5521628746005145, 0.7675847832968639], [0.7080455413160636, 0.6803521219804026, 0.18918906294816765], [-0.626691112956327, 0.48190989824827185, 0.6123896626429128]], "fy": 3212.016621595346, "fx": 3212.016621595346}, {"id": 86, "img_name": "IMG_00430", "width": 3798, "height": 2135, "position": [-3.539646512529188, 0.8395500548106818, -0.3542486151239285], "rotation": [[0.38823376176061475, -0.5450396700660897, 0.7431058499860232], [0.6940154078856656, 0.7034372921971905, 0.15335771765247766], [-0.6063144067614552, 0.4561882659610307, 0.651364035047202]], "fy": 3212.016621595346, "fx": 3212.016621595346}, {"id": 87, "img_name": "IMG_00435", "width": 3798, "height": 2135, "position": [-3.4678974478695044, 0.897920043298527, -0.49917001183649506], "rotation": [[0.442268073766004, -0.5333453668240106, 0.7210698098066998], [0.6722187922298117, 0.7293497843099476, 0.1271644112954809], [-0.593734659844279, 0.42847591742639946, 0.6810929025362132]], "fy": 3212.016621595346, "fx": 3212.016621595346}, {"id": 88, "img_name": "IMG_00440", "width": 3798, "height": 2135, "position": [-3.497913862922225, 0.9680252521856421, -0.7017808880701797], "rotation": [[0.4973812060923402, -0.517786938939539, 0.6960665353899375], [0.647902568395226, 0.7552795535695083, 0.09886889210825531], [-0.5769178431050634, 0.4018077672512895, 0.7111373429117157]], "fy": 3212.016621595346, "fx": 3212.016621595346}, {"id": 89, "img_name": "IMG_00445", "width": 3798, "height": 2135, "position": [-3.525849571898649, 1.0138263496848643, -0.923381476764085], "rotation": [[0.5480235367363723, -0.5027599944623543, 0.6685077345485029], [0.6206726766972872, 0.7801864100847459, 0.07793968129586747], [-0.5607456032679905, 0.37221170519919183, 0.7396099072675588]], "fy": 3212.016621595346, "fx": 3212.016621595346}, {"id": 90, "img_name": "IMG_00450", "width": 3798, "height": 2135, "position": [-3.470185212922633, 1.0075966624156043, -1.1103066328444935], "rotation": [[0.5886463620501069, -0.48764705113471574, 0.6447447665276473], [0.5916221195891899, 0.8033857411663932, 0.06748791375734878], [-0.5508890342509725, 0.34171875045150935, 0.7614128758642646]], "fy": 3212.016621595346, "fx": 3212.016621595346}, {"id": 91, "img_name": "IMG_00455", "width": 3798, "height": 2135, "position": [-3.368441795295626, 0.9847557640382414, -1.2934722747407372], "rotation": [[0.6228259573467255, -0.47329547159130075, 0.6229600496230101], [0.5638871907705587, 0.8235278937916835, 0.06191158398814896], [-0.5423274499230352, 0.31271905077593576, 0.779799802732583]], "fy": 3212.016621595346, "fx": 3212.016621595346}, {"id": 92, "img_name": "IMG_00460", "width": 3798, "height": 2135, "position": [-3.2597366410098716, 1.0263044425728451, -1.4454806011173205], "rotation": [[0.6534113479698275, -0.4655319851563931, 0.5969368317842356], [0.5379944814860114, 0.840325127073357, 0.06645012189412501], [-0.5325556761831112, 0.27772945757606265, 0.7995316129832862]], "fy": 3212.016621595346, "fx": 3212.016621595346}, {"id": 93, "img_name": "IMG_00465", "width": 3798, "height": 2135, "position": [-3.1238055969527228, 1.073395430777858, -1.5674594096491645], "rotation": [[0.6832915700732118, -0.4544517621170671, 0.5714772315460851], [0.5131256728147355, 0.8556985491640988, 0.06694801607875331], [-0.5194368817915319, 0.24749462391564933, 0.8178824713658687]], "fy": 3212.016621595346, "fx": 3212.016621595346}, {"id": 94, "img_name": "IMG_00470", "width": 3798, "height": 2135, "position": [-2.9748314766888493, 1.1404483044615379, -1.6362672464493677], "rotation": [[0.7127985076005987, -0.439068464692334, 0.5469343387236496], [0.4879143404524062, 0.8706127985423617, 0.06303135247740256], [-0.503843114414847, 0.2219284531711828, 0.8347993038627869]], "fy": 3212.016621595346, "fx": 3212.016621595346}, {"id": 95, "img_name": "IMG_00475", "width": 3798, "height": 2135, "position": [-2.8568033028833852, 1.2354030901236948, -1.695872476869957], "rotation": [[0.7411814832391149, -0.4200126736281457, 0.5236786828726202], [0.46156024773987026, 0.8852900435942023, 0.05677742878367365], [-0.4874547636548187, 0.19962688372238915, 0.8500217413016636]], "fy": 3212.016621595346, "fx": 3212.016621595346}, {"id": 96, "img_name": "IMG_00480", "width": 3798, "height": 2135, "position": [-2.762735354259088, 1.3686376169043575, -1.7843809771983894], "rotation": [[0.774596316851327, -0.39643016176182183, 0.49279171336970984], [0.43277113678594625, 0.9004244912877418, 0.04410077838554364], [-0.46120460653093903, 0.17910572948598477, 0.8690290263161149]], "fy": 3212.016621595346, "fx": 3212.016621595346}, {"id": 97, "img_name": "IMG_00485", "width": 3798, "height": 2135, "position": [-2.699164600532338, 1.5301792865861341, -1.9108295524643413], "rotation": [[0.8113099917650254, -0.36566056983777756, 0.456145201584042], [0.39843981786561805, 0.9168180009985885, 0.026276692793522502], [-0.4278104823417114, 0.16042786762549657, 0.889517335686994]], "fy": 3212.016621595346, "fx": 3212.016621595346}, {"id": 98, "img_name": "IMG_00490", "width": 3798, "height": 2135, "position": [-2.6452815924072497, 1.6192161256483537, -2.0810334204159204], "rotation": [[0.8496030483815905, -0.32325168466137644, 0.4167529346558833], [0.3536386965047589, 0.935370898862695, 0.004577542485770605], [-0.391298265412874, 0.14349087052623252, 0.9090082714477905]], "fy": 3212.016621595346, "fx": 3212.016621595346}, {"id": 99, "img_name": "IMG_00495", "width": 3798, "height": 2135, "position": [-2.621164174729819, 1.641950332731175, -2.2795060950036454], "rotation": [[0.8930060593626975, -0.2673223954879959, 0.3620482216667632], [0.2975674711668953, 0.9542485650378519, -0.02938156269736386], [-0.33762964627657494, 0.1339716872841412, 0.9316961999286009]], "fy": 3212.016621595346, "fx": 3212.016621595346}, {"id": 100, "img_name": "IMG_00500", "width": 3798, "height": 2135, "position": [-2.518561611856397, 1.6104135980997583, -2.4250065868015116], "rotation": [[0.9244493432582895, -0.20952494898932886, 0.3185792012990428], [0.23737172179588203, 0.97009032723151, -0.05078801732220201], [-0.2984092448986381, 0.12257264279961101,