[{"id": 0, "img_name": "IMG_00000", "width": 1920, "height": 1079, "position": [-0.10409029413621967, 2.035409291463255, -2.0108126853381183], "rotation": [[0.9984858547575156, 0.03765486164228986, -0.04010123743543666], [-0.03775996519023635, 0.9992850950511352, -0.0018665040787013264], [0.04000228590950019, 0.003377899250077974, 0.9991938785434341]], "fy": 1518.1646992771994, "fx": 1518.1646992771998}, {"id": 1, "img_name": "IMG_00010", "width": 1920, "height": 1079, "position": [-0.10688067153353674, 2.0357763002013494, -2.0105130729516807], "rotation": [[0.9985788355409709, 0.03665164887340804, -0.03869064285455687], [-0.03675547267290262, 0.9993223370924667, -0.0019753016584856922], [0.038592025578219835, 0.0033945872961104917, 0.9992492843824604]], "fy": 1518.1646992771994, "fx": 1518.1646992771998}, {"id": 2, "img_name": "IMG_00020", "width": 1920, "height": 1079, "position": [-0.11096226689464263, 2.035567546316746, -2.0102993495310697], "rotation": [[0.9985732894173017, 0.0368469265820963, -0.03864828151112421], [-0.03695517317127419, 0.9993147389028627, -0.002089925210297961], [0.03854479002654751, 0.003515197427899132, 0.9992506905420944]], "fy": 1518.1646992771994, "fx": 1518.1646992771998}, {"id": 3, "img_name": "IMG_00030", "width": 1920, "height": 1079, "position": [-0.11719562736408393, 2.0351719364066567, -2.0095899649446958], "rotation": [[0.9985827441042154, 0.036884917638513516, -0.03836673074546126], [-0.0369956087093658, 0.9993130527428143, -0.002178888262560356], [0.03826000671090042, 0.0035952007784406663, 0.9992613504073119]], "fy": 1518.1646992771994, "fx": 1518.1646992771998}, {"id": 4, "img_name": "IMG_00040", "width": 1920, "height": 1079, "position": [-0.1262108814043038, 2.0345270327215546, -2.008800898283043], "rotation": [[0.9986195631078691, 0.03655567846472715, -0.03771804011652654], [-0.036659947758080305, 0.9993256412120508, -0.0020763059741312224], [0.037616703851125005, 0.003456181144974221, 0.9992862644924476]], "fy": 1518.1646992771994, "fx": 1518.1646992771998}, {"id": 5, "img_name": "IMG_00050", "width": 1920, "height": 1079, "position": [-0.13686765178960872, 2.0331438671048314, -2.0071335271383246], "rotation": [[0.9986561541171318, 0.036212080348442574, -0.037075208439299796], [-0.036314438757294024, 0.9993382258047574, -0.002090928775123778], [0.03697495614226378, 0.0034344842753808204, 0.9993102906185044]], "fy": 1518.1646992771994, "fx": 1518.1646992771998}, {"id": 6, "img_name": "IMG_00060", "width": 1920, "height": 1079, "position": [-0.14904550626011354, 2.031671269161975, -2.0050412326512856], "rotation": [[0.9987480816028425, 0.035066235883904166, -0.03567392038417566], [-0.03516165742878742, 0.9993795335803267, -0.0020507821993222017], [0.03557987270217124, 0.0033025689550485286, 0.9993613789299617]], "fy": 1518.1646992771994, "fx": 1518.1646992771998}, {"id": 7, "img_name": "IMG_00070", "width": 1920, "height": 1079, "position": [-0.16383762294329487, 2.0294433171614443, -2.003262496603613], "rotation": [[0.9988680646724089, 0.0334962006731352, -0.0337726800544704], [-0.033577518190780434, 0.9994344162252459, -0.001843349302112996], [0.03369183357646737, 0.0029752655287972316, 0.9994278403893342]], "fy": 1518.1646992771994, "fx": 1518.1646992771998}, {"id": 8, "img_name": "IMG_00080", "width": 1920, "height": 1079, "position": [-0.18066103126292096, 2.0267275572377748, -2.001139328695005], "rotation": [[0.9990403300913466, 0.030939572079593015, -0.031002608446788215], [-0.03101405215819577, 0.9995170962619766, -0.0019242787623369938], [0.030928100809812228, 0.0028839486053217284, 0.999517451283738]], "fy": 1518.1646992771994, "fx": 1518.1646992771998}, {"id": 9, "img_name": "IMG_00090", "width": 1920, "height": 1079, "position": [-0.19939646587871304, 2.024208510161645, -1.9986194887012116], "rotation": [[0.9992503507816425, 0.027436844661981905, -0.02731219540349251], [-0.027495480720377066, 0.9996203544111746, -0.0017735802302360844], [0.027253165003713886, 0.0025232126093506935, 0.9996253790272676]], "fy": 1518.1646992771994, "fx": 1518.1646992771998}, {"id": 10, "img_name": "IMG_00100", "width": 1920, "height": 1079, "position": [-0.22038809117525915, 2.021863918625935, -1.9958407111123497], "rotation": [[0.9994394152001155, 0.023875898863544524, -0.023469060439411844], [-0.023922870806047148, 0.9997123229330588, -0.0017226805231159363], [0.023421178382996656, 0.002283162115430982, 0.9997230794444563]], "fy": 1518.1646992771994, "fx": 1518.1646992771998}, {"id": 11, "img_name": "IMG_00110", "width": 1920, "height": 1079, "position": [-0.24268654908724238, 2.0190189276796175, -1.9930354608326533], "rotation": [[0.9995981866473105, 0.020348944921927768, -0.019732858180532966], [-0.020386665049368147, 0.9997907041541336, -0.001712242724168047], [0.01969388584240164, 0.002113841892371641, 0.9998038220235409]], "fy": 1518.1646992771994, "fx": 1518.1646992771998}, {"id": 12, "img_name": "IMG_00120", "width": 1920, "height": 1079, "position": [-0.2667172971391996, 2.0174664735946033, -1.9890642647098173], "rotation": [[0.9997524757615026, 0.01620913665991987, -0.015239786661443832], [-0.016232747973175192, 0.9998672221212672, -0.0014268919860503837], [0.015214634467697753, 0.001673922411738293, 0.9998828495787764]], "fy": 1518.1646992771994, "fx": 1518.1646992771998}, {"id": 13, "img_name": "IMG_00130", "width": 1920, "height": 1079, "position": [-0.2923645331735316, 2.0156582112500043, -1.9845072402203703], "rotation": [[0.9998837293600662, 0.011397548175967184, -0.010130333488195664], [-0.011407314699491806, 0.9999345232742934, -0.000906827192898998], [0.0101193345805102, 0.001022281657631619, 0.9999482756662268]], "fy": 1518.1646992771994, "fx": 1518.1646992771998}, {"id": 14, "img_name": "IMG_00140", "width": 1920, "height": 1079, "position": [-0.31983715493085824, 2.0133789366096075, -1.9799526742237714], "rotation": [[0.9999729021188405, 0.005872488565061721, -0.004439471373586703], [-0.0058744982706218675, 0.9999826482786764, -0.0004397858945123314], [0.004436811703480006, 0.0004658536441530367, 0.9999900487916319]], "fy": 1518.1646992771994, "fx": 1518.1646992771998}, {"id": 15, "img_name": "IMG_00150", "width": 1920, "height": 1079, "position": [-0.34897866505917013, 2.010798060550888, -1.9746653335458764], "rotation": [[0.999998805461804, 5.9296226387834676e-05, 0.0015445254683767835], [-5.945020979585367e-05, 0.9999999932677216, 9.965053657101685e-05], [-0.0015445195490778314, -9.974223989777472e-05, 0.9999988022547068]], "fy": 1518.1646992771994, "fx": 1518.1646992771998}, {"id": 16, "img_name": "IMG_00160", "width": 1920, "height": 1079, "position": [-0.3797084256318418, 2.007541525731856, -1.9694680043689863], "rotation": [[0.9999519561864663, -0.00596723516075001, 0.007776723178561517], [0.005961380560742433, 0.9999819298751259, 0.0007757996061585749], [-0.0077812120308901325, -0.0007294023274040053, 0.9999694598894384]], "fy": 1518.1646992771994, "fx": 1518.1646992771998}, {"id": 17, "img_name": "IMG_00170", "width": 1920, "height": 1079, "position": [-0.41254745160513406, 2.006037914043396, -1.9629003911601524], "rotation": [[0.9998216263939297, -0.012360408281205272, 0.014280605803649168], [0.012336446684968376, 0.9999223457865347, 0.0017647889229292922], [-0.014301310366055234, -0.001588302199039388, 0.999896469549692]], "fy": 1518.1646992771994, "fx": 1518.1646992771998}, {"id": 18, "img_name": "IMG_00180", "width": 1920, "height": 1079, "position": [-0.4476195415540442, 2.0054482262619127, -1.9553955405814274], "rotation": [[0.9995905357593011, -0.019248841390484356, 0.021171748287686757], [0.01920857956687301, 0.9998132856229079, 0.0021034169697985573], [-0.021208283557522977, -0.0016958764842123072, 0.9997736407364889]], "fy": 1518.1646992771994, "fx": 1518.1646992771998}, {"id": 19, "img_name": "IMG_00190", "width": 1920, "height": 1079, "position": [-0.4845060822715664, 2.0019429887563613, -1.9486909465311406], "rotation": [[0.9992509795135645, -0.02637402204964268, 0.028317678261241114], [0.02632218220922273, 0.9996510862521639, 0.0022019261144313883], [-0.028365871481882663, -0.0014548937397275274, 0.9995965489232541]], "fy": 1518.1646992771994, "fx": 1518.1646992771998}, {"id": 20, "img_name": "IMG_00200", "width": 1920, "height": 1079, "position": [-0.5231086819800179, 1.9964555052088746, -1.942420414805501], "rotation": [[0.9987816026029852, -0.03398083556957069, 0.035785655168049144], [0.033922725236555006, 0.9994219709862515, 0.0022299377752949454], [-0.03584074516995868, -0.0010132738772381852, 0.9993570004066172]], "fy": 1518.1646992771994, "fx": 1518.1646992771998}, {"id": 21, "img_name": "IMG_00210", "width": 1920, "height": 1079, "position": [-0.5633881889384729, 1.9900316534593254, -1.9364288764104691], "rotation": [[0.9982097667507233, -0.04138888567303535, 0.043176633798977064], [0.04131119694106264, 0.999142705866939, 0.002690412642713675], [-0.04325097190541845, -0.0009019177544247314, 0.9990638317813337]], "fy": 1518.1646992771994, "fx": 1518.1646992771998}, {"id": 22, "img_name": "IMG_00220", "width": 1920, "height": 1079, "position": [-0.605196738055921, 1.983468396351717, -1.930009369843332], "rotation": [[0.9974472928335034, -0.04960907059468182, 0.05135988837456041], [0.04950763500806977, 0.9987684701416691, 0.0032460940801934536], [-0.0514576728488879, -0.000695101144868878, 0.9986749344703586]], "fy": 1518.1646992771994, "fx": 1518.1646992771998}, {"id": 23, "img_name": "IMG_00230", "width": 1920, "height": 1079, "position": [-0.6493765591676585, 1.9746871967621291, -1.9235757134334899], "rotation": [[0.9962167780937136, -0.060638855062449114, 0.06224998233972153], [0.060452096937485496, 0.9981591660747129, 0.004880897140352421], [-0.0624313624746506, -0.0010992896566111032, 0.9980486543960718]], "fy": 1518.1646992771994, "fx": 1518.1646992771998}, {"id": 24, "img_name": "IMG_00240", "width": 1920, "height": 1079, "position": [-0.6960002814415251, 1.9690601470790765, -1.9128248029910004], "rotation": [[0.9939782293095402, -0.07688589576108618, 0.07807585216753378], [0.07654194623755839, 0.9970389540469374, 0.007392873538445455], [-0.07841307368569302, -0.001372277670194441, 0.9969200101959825]], "fy": 1518.1646992771994, "fx": 1518.1646992771998}, {"id": 25, "img_name": "IMG_00250", "width": 1920, "height": 1079, "position": [-0.7452288115886376, 1.9648579547506897, -1.8998163254394733], "rotation": [[0.9910709408965233, -0.09392399135428589, 0.09463970603589238], [0.09349368693052797, 0.9955793695803387, 0.008980499437767507], [-0.09506482322403235, -5.209698019201993e-05, 0.9954710827900969]], "fy": 1518.1646992771994, "fx": 1518.1646992771998}, {"id": 26, "img_name": "IMG_00260", "width": 1920, "height": 1079, "position": [-0.7962825663795337, 1.9579572627648638, -1.8865931935839673], "rotation": [[0.9880991085371115, -0.1085253898887584, 0.1090063826464241], [0.10805609417078336, 0.9940922583775904, 0.010220682281375498], [-0.10947160463207094, 0.0016797568975902711, 0.9939885040562816]], "fy": 1518.1646992771994, "fx": 1518.1646992771998}, {"id": 27, "img_name": "IMG_00270", "width": 1920, "height": 1079, "position": [-0.8491591947556497, 1.9536272510261499, -1.8684956509124089], "rotation": [[0.9852741045178993, -0.1209286846030264, 0.12087676454403219], [0.12045614851746742, 0.9926550624919032, 0.011235799639254055], [-0.12134766273311351, 0.0034900070741183085, 0.9926039313844333]], "fy": 1518.1646992771994, "fx": 1518.1646992771998}, {"id": 28, "img_name": "IMG_00280", "width": 1920, "height": 1079, "position": [-0.9040378006317247, 1.945550461853776, -1.852752012846877], "rotation": [[0.982438003504251, -0.1322604515825135, 0.13161588892596116], [0.13171119281537005, 0.9912040767488495, 0.012908908691802234], [-0.13216554376135164, 0.004653083241300751, 0.9912167360666463]], "fy": 1518.1646992771994, "fx": 1518.1646992771998}, {"id": 29, "img_name": "IMG_00290", "width": 1920, "height": 1079, "position": [-0.9616113560677598, 1.937284305341147, -1.8346231742704413], "rotation": [[0.979211400695385, -0.14383945560160508, 0.14302182966392293], [0.14324174051124228, 0.9895811908504951, 0.01452138045181697], [-0.1436204599752146, 0.0062671945199084655, 0.9896129979690838]], "fy": 1518.1646992771994, "fx": 1518.1646992771998}, {"id": 30, "img_name": "IMG_00300", "width": 1920, "height": 1079, "position": [-1.0213959826844299, 1.9271809077319897, -1.8162965864690903], "rotation": [[0.9752308023090722, -0.15715343321393915, 0.1556524354344484], [0.15659297425656235, 0.9875346811499865, 0.01593404968858542], [-0.1562162688105396, 0.00883470175312603, 0.9876833629275359]], "fy": 1518.1646992771994, "fx": 1518.1646992771998}, {"id": 31, "img_name": "IMG_00310", "width": 1920, "height": 1079, "position": [-1.084222030247027, 1.9088400038200295, -1.803364312461702], "rotation": [[0.9706673945502773, -0.17086876292799683, 0.16914099152018783], [0.1702695964455675, 0.985230345824876, 0.018150211901214092], [-0.1697441418230385, 0.01118174947185862, 0.9854247281226045]], "fy": 1518.1646992771994, "fx": 1518.1646992771998}, {"id": 32, "img_name": "IMG_00320", "width": 1920, "height": 1079, "position": [-1.1495813367959928, 1.8890669449171151, -1.789419009738752], "rotation": [[0.9657328170531805, -0.18442439449963335, 0.18261371465465442], [0.18376965027303946, 0.9827523885448058, 0.020650870393363944], [-0.18327258852608783, 0.013615635237562979, 0.982967839134132]], "fy": 1518.1646992771994, "fx": 1518.1646992771998}, {"id": 33, "img_name": "IMG_00330", "width": 1920, "height": 1079, "position": [-1.2172800560893493, 1.8663997784825839, -1.773535504657481], "rotation": [[0.9603110730165165, -0.19813679188218164, 0.1963274172002067], [0.1974726080778909, 0.9800349192876683, 0.023154395602761564], [-0.19699546213246305, 0.016533864625384143, 0.9802649739839564]], "fy": 1518.1646992771994, "fx": 1518.1646992771998}, {"id": 34, "img_name": "IMG_00340", "width": 1920, "height": 1079, "position": [-1.2879400176303621, 1.8389711123316914, -1.7592478020873623], "rotation": [[0.9542183339176209, -0.21242857450910238, 0.21057414833618796], [0.2117238438148338, 0.9769794905363711, 0.02615509570933711], [-0.21128271385930278, 0.019625896242553138, 0.9772279360624749]], "fy": 1518.1646992771994, "fx": 1518.1646992771998}, {"id": 35, "img_name": "IMG_00350", "width": 1920, "height": 1079, "position": [-1.3603731081278356, 1.8095876844775158, -1.7428192004788217], "rotation": [[0.9472201686643252, -0.22792954046697556, 0.22543752273754422], [0.227084407321152, 0.9734119043544256, 0.030032256203817487], [-0.2262888066766196, 0.02274618745205373, 0.9737946328303867]], "fy": 1518.1646992771994, "fx": 1518.1646992771998}, {"id": 36, "img_name": "IMG_00360", "width": 1920, "height": 1079, "position": [-1.4336910838052095, 1.7783816316304493, -1.7245060104416132], "rotation": [[0.9396567221344179, -0.24360177722434445, 0.2402153589609588], [0.24246809828610175, 0.9695373117718038, 0.03473647068752441], [-0.24135961936728922, 0.025604203081619488, 0.9700979120292098]], "fy": 1518.1646992771994, "fx": 1518.1646992771998}, {"id": 37, "img_name": "IMG_00370", "width": 1920, "height": 1079, "position": [-1.5087276052431788, 1.7479705233848144, -1.7016970441577906], "rotation": [[0.9315558108868236, -0.25904789559948155, 0.25514301673467915], [0.2577169806452962, 0.9654231153288138, 0.039244952234395496], [-0.256487288359608, 0.029195824603666844, 0.9661065545454328]], "fy": 1518.1646992771994, "fx": 1518.1646992771998}, {"id": 38, "img_name": "IMG_00380", "width": 1920, "height": 1079, "position": [-1.5847208248790035, 1.718839885132348, -1.6728996979590136], "rotation": [[0.922717434169166, -0.2748546482218831, 0.2702729343295327], [0.2733492843491699, 0.9609089841461841, 0.043978323443998366], [-0.27179533738838796, 0.0332993474106201, 0.9617787937129614]], "fy": 1518.1646992771994, "fx": 1518.1646992771998}, {"id": 39, "img_name": "IMG_00390", "width": 1920, "height": 1079, "position": [-1.6625843547667574, 1.6898751256901081, -1.64000363207655], "rotation": [[0.9130456216668453, -0.2911169566866594, 0.28565470464268844], [0.2896619078541689, 0.9559079081362319, 0.04833270425805246], [-0.28713006093630594, 0.03861332272818694, 0.9571130233230568]], "fy": 1518.1646992771994, "fx": 1518.1646992771998}, {"id": 40, "img_name": "IMG_00400", "width": 1920, "height": 1079, "position": [-1.7413867049396523, 1.6586465107548658, -1.6044095986966196], "rotation": [[0.9024204549956597, -0.3077313685979118, 0.3015604867788261], [0.30635225973331476, 0.9504347202366382, 0.05312377551524917], [-0.30296140903045393, 0.04444375489941334, 0.9519659328404156]], "fy": 1518.1646992771994, "fx": 1518.1646992771998}, {"id": 41, "img_name": "IMG_00410", "width": 1920, "height": 1079, "position": [-1.820173302013514, 1.6255435254027168, -1.5654411306334919], "rotation": [[0.8911349382566899, -0.3241989050831611, 0.31744856553641143], [0.3229697601272746, 0.9446255469632527, 0.05807848196799354], [-0.3186990051154482, 0.050770522621452, 0.9464952710770235]], "fy": 1518.1646992771994, "fx": 1518.1646992771998}, {"id": 42, "img_name": "IMG_00420", "width": 1920, "height": 1079, "position": [-1.8990319369055981, 1.5901620694114957, -1.522883539537799], "rotation": [[0.8792439029215053, -0.34068203000109315, 0.3329653339458819], [0.3394974000152782, 0.9384473117236066, 0.06370367730046579], [-0.3341731206399231, 0.0570297953097321, 0.9407847404633568]], "fy": 1518.1646992771994, "fx": 1518.1646992771998}, {"id": 43, "img_name": "IMG_00430", "width": 1920, "height": 1079, "position": [-1.9786879089190068, 1.550326683544925, -1.4798564979221147], "rotation": [[0.8665244926863642, -0.3572733010239373, 0.34855572287669856], [0.35602830918053996, 0.9318459130087761, 0.07005024961330492], [-0.34982730973536735, 0.0633954476622696, 0.9346667163106942]], "fy": 1518.1646992771994, "fx": 1518.1646992771998}, {"id": 44, "img_name": "IMG_00440", "width": 1920, "height": 1079, "position": [-2.059760376148548, 1.5083282840996162, -1.4348886852568012], "rotation": [[0.852882579059508, -0.3740631116996268, 0.3642363172480118], [0.37280499697727676, 0.9247315436513087, 0.0767333461087164], [-0.3655239261191726, 0.07034458502159148, 0.9281400211134986]], "fy": 1518.1646992771994, "fx": 1518.1646992771998}, {"id": 45, "img_name": "IMG_00450", "width": 1920, "height": 1079, "position": [-2.141126983635401, 1.4680537867376935, -1.3837980553300222], "rotation": [[0.8386139434260442, -0.3902275874671603, 0.38006457855340753], [0.38934722001247596, 0.9173622348611017, 0.08279657190489273], [-0.3809663976782941, 0.07854272741766238, 0.9212467876795114]], "fy": 1518.1646992771994, "fx": 1518.1646992771998}, {"id": 46, "img_name": "IMG_00460", "width": 1920, "height": 1079, "position": [-2.2227385715393337, 1.4221025854770781, -1.3303995913156885], "rotation": [[0.8233894044292577, -0.40646210588709314, 0.3960030873004173], [0.40610382189265376, 0.9094726777224108, 0.08910181996237677], [-0.39637050157373244, 0.08745287276160534, 0.9139159811098229]], "fy": 1518.1646992771994, "fx": 1518.1646992771998}, {"id": 47, "img_name": "IMG_00470", "width": 1920, "height": 1079, "position": [-2.3044132927541505, 1.3663210643205475, -1.2809019885090998], "rotation": [[0.8074612124793332, -0.42266059891358315, 0.41153907283199254], [0.4225242676478633, 0.9011959659609253, 0.09653535199288962], [-0.4116790419611394, 0.09593669298952048, 0.906265147375862]], "fy": 1518.1646992771994, "fx": 1518.1646992771998}, {"id": 48, "img_name": "IMG_00480", "width": 1920, "height": 1079, "position": [-2.385860091030963, 1.3098953247811267, -1.2251276277757708], "rotation": [[0.7907998762075357, -0.438676938457879, 0.42684669315266865], [0.4386395495145706, 0.8925502150779006, 0.10463966344578919], [-0.42688511498036674, 0.10448280829694245, 0.8982496542602082]], "fy": 1518.1646992771994, "fx": 1518.1646992771998}, {"id": 49, "img_name": "IMG_00490", "width": 1920, "height": 1079, "position": [-2.4671583411382625, 1.2529418831569519, -1.1647447493541025], "rotation": [[0.7735576029142146, -0.45412483635111744, 0.4420172711361912], [0.45442605907456507, 0.8836425884983574, 0.11257323227962544], [-0.4417075863142656, 0.11378228685078079, 0.889914602302621]], "fy": 1518.1646992771994, "fx": 1518.1646992771998}, {"id": 50, "img_name": "IMG_00500", "width": 1920, "height": 1079, "position": [-2.5479175734118105, 1.1898339459581384, -1.1030803502081838], "rotation": [[0.7556268454162072, -0.46947257455326097, 0.4567532947102673], [0.4698662303848504, 0.8743525925992225, 0.12138067951263291], [-0.4563483275199791, 0.12289444884676747, 0.881273600201644]], "fy": 1518.1646992771994, "fx": 1518.1646992771998}, {"id": 51, "img_name": "IMG_00510", "width": 1920, "height": 1079, "position": [-2.626886482959463, 1.1237257867806003, -1.0375549347680635], "rotation": [[0.7372690193633732, -0.48420917365325794, 0.47114315153358527], [0.4848363546892341, 0.8648662069990377, 0.1301543436184622], [-0.4704977175913026, 0.13246856284087385, 0.8724012709758328]], "fy": 1518.1646992771994, "fx": 1518.1646992771998}, {"id": 52, "img_name": "IMG_00520", "width": 1920, "height": 1079, "position": [-2.704470550484852, 1.0572914416225916, -0.9672778571987121], "rotation": [[0.7184119929410913, -0.4987118432371029, 0.48494402338152454], [0.49934103410123776, 0.8550820543353341, 0.13961809344197182], [-0.48429612848041215, 0.1418491373562628, 0.8633284903037592]], "fy": 1518.1646992771994, "fx": 1518.1646992771998}, {"id": 53, "img_name": "IMG_00530", "width": 1920, "height": 1079, "position": [-2.780791368480635, 0.9894014865539801, -0.8933928257419872], "rotation": [[0.6979633395077395, -0.5133888197577658, 0.4992785759983417], [0.5143841898839053, 0.8444710393773348, 0.14925672129067596], [-0.4982530299964891, 0.1526452862052807, 0.853488918907929]], "fy": 1518.1646992771994, "fx": 1518.1646992771998}, {"id": 54, "img_name": "IMG_00540", "width": 1920, "height": 1079, "position": [-2.8542200286658903, 0.9147510137785284, -0.817951350899388], "rotation": [[0.674965959145394, -0.5291973114369274, 0.5141703604476494], [0.5305269605170416, 0.832379246156206, 0.16026832105246397], [-0.5127983016347533, 0.16460557747644508, 0.842581097404967]], "fy": 1518.1646992771994, "fx": 1518.1646992771998}, {"id": 55, "img_name": "IMG_00550", "width": 1920, "height": 1079, "position": [-2.9247631907879423, 0.8340509347118736, -0.7422385098085987], "rotation": [[0.6501082456735979, -0.5450538051352924, 0.5294106330767595], [0.54671873143794, 0.8194062043009968, 0.17225591730887796], [-0.5276911005522894, 0.17745371751691166, 0.8306938548811721]], "fy": 1518.1646992771994, "fx": 1518.1646992771998}, {"id": 56, "img_name": "IMG_00560", "width": 1920, "height": 1079, "position": [-2.993465525346497, 0.753233039561263, -0.6610325428550732], "rotation": [[0.6228975228074027, -0.5611572120663676, 0.5450699582863678], [0.5633191045109707, 0.8052105007818937, 0.18522320568311584], [-0.5428353917840648, 0.19167324481124998, 0.8176742044666493]], "fy": 1518.1646992771994, "fx": 1518.1646992771998}, {"id": 57, "img_name": "IMG_00570", "width": 1920, "height": 1079, "position": [-3.0593212266172527, 0.6697434878850927, -0.5757810147527073], "rotation": [[0.5942248354736915, -0.5769331329799358, 0.5603971850181085], [0.5796324966267117, 0.7902254612728483, 0.1989218168286201], [-0.5576047110279373, 0.20662013557751296, 0.803980786967811]], "fy": 1518.1646992771994, "fx": 1518.1646992771998}, {"id": 58, "img_name": "IMG_00580", "width": 1920, "height": 1079, "position": [-3.122429862019584, 0.5805623859408351, -0.48927563202519603], "rotation": [[0.564135040842733, -0.5922837357712856, 0.5752839577410254], [0.5955606837124816, 0.7744654884083143, 0.21333232122768597], [-0.5718908354828649, 0.2222682694522118, 0.7896440265622413]], "fy": 1518.1646992771994, "fx": 1518.1646992771998}, {"id": 59, "img_name": "IMG_00590", "width": 1920, "height": 1079, "position": [-3.181398169083481, 0.4875115118957095, -0.40016598906099426], "rotation": [[0.5319906725221757, -0.6074441004441123, 0.5899132047895237], [0.6113629218064207, 0.7575684736301277, 0.22874742753096683], [-0.5858509214721094, 0.23895956268239582, 0.7743881618496751]], "fy": 1518.1646992771994, "fx": 1518.1646992771998}, {"id": 60, "img_name": "IMG_00600", "width": 1920, "height": 1079, "position": [-3.236555587495736, 0.39228345261665604, -0.3076828270232721], "rotation": [[0.4985308566856022, -0.6217624650479529, 0.6040516716223971], [0.6264659515910076, 0.7400395130491929, 0.24470784748979094], [-0.5991722593958207, 0.25642339242628875, 0.7584455467514465]], "fy": 1518.1646992771994, "fx": 1518.1646992771998}, {"id": 61, "img_name": "IMG_00610", "width": 1920, "height": 1079, "position": [-3.2872367102601747, 0.2954488931959264, -0.2124199433108986], "rotation": [[0.46392869943765724, -0.6351844125205008, 0.6175037845463539], [0.6407493506033664, 0.7219441042629872, 0.2612220894589073], [-0.611727416043656, 0.27447672471613915, 0.7419245891933038]], "fy": 1518.1646992771994, "fx": 1518.1646992771998}, {"id": 62, "img_name": "IMG_00620", "width": 1920, "height": 1079, "position": [-3.3333801274164303, 0.19416722325678723, -0.11425994306727871], "rotation": [[0.4275792646264577, -0.6480700256734584, 0.6302231464212502], [0.6545881215311107, 0.7027862978929355, 0.27857819484718166], [-0.6234503698065066, 0.2934223258675881, 0.7247157891688197]], "fy": 1518.1646992771994, "fx": 1518.1646992771998}, {"id": 63, "img_name": "IMG_00630", "width": 1920, "height": 1079, "position": [-3.3743586828251275, 0.08984340704223623, -0.013737850906816269], "rotation": [[0.3896473431076662, -0.6599744140801852, 0.6423462623606156], [0.6674804170553378, 0.6829296047160841, 0.29677777519545684], [-0.6345430173414318, 0.31311487949608724, 0.7066217031632852]], "fy": 1518.1646992771994, "fx": 1518.1646992771998}, {"id": 64, "img_name": "IMG_00640", "width": 1920, "height": 1079, "position": [-3.4106489781105, -0.017871108535339943, 0.08896143981056667], "rotation": [[0.3504087549757646, -0.6708843307671306, 0.6535502422671678], [0.6793252479890439, 0.6624260493695613, 0.3157672189465826], [-0.6447719844107358, 0.33332558234821197, 0.6878685515934476]], "fy": 1518.1646992771994, "fx": 1518.1646992771998}, {"id": 65, "img_name": "IMG_00650", "width": 1920, "height": 1079, "position": [-3.4413608143558063, -0.12892377925288417, 0.19410316917689382], "rotation": [[0.3098802635108932, -0.6806544260435999, 0.6638401724765362], [0.6901472430774419, 0.6412743040699801, 0.3353566009670436], [-0.6539655993697419, 0.35422707300094997, 0.6684700259504192]], "fy": 1518.1646992771994, "fx": 1518.1646992771998}, {"id": 66, "img_name": "IMG_00660", "width": 1920, "height": 1079, "position": [-3.4656670606956257, -0.24112400460336045, 0.3027835370216257], "rotation": [[0.2685750287972713, -0.6893124961133748, 0.6728415390034221], [0.6997158113232862, 0.6196701509549631, 0.3555371814587729], [-0.6620160400554805, 0.3753094546069975, 0.6487507811107884]], "fy": 1518.1646992771994, "fx": 1518.1646992771998}, {"id": 67, "img_name": "IMG_00670", "width": 1920, "height": 1079, "position": [-3.483482047874674, -0.35588270246044384, 0.4144187747846902], "rotation": [[0.22641360864326304, -0.6965171185766019, 0.6808823550003945], [0.7081030842266031, 0.5976996323114623, 0.37595900261001214], [-0.6688250144319572, 0.39701266108839733, 0.6285332505171081]], "fy": 1518.1646992771994, "fx": 1518.1646992771998}, {"id": 68, "img_name": "IMG_00680", "width": 1920, "height": 1079, "position": [-3.4939908157175945, -0.47140498652932994, 0.5268955311694061], "rotation": [[0.18313427975661745, -0.7025213371442314, 0.687695867687967], [0.7154913442647987, 0.574974251808596, 0.3968333983415413], [-0.6741913466221408, 0.41936664222876174, 0.6079454313715975]], "fy": 1518.1646992771994, "fx": 1518.1646992771998}, {"id": 69, "img_name": "IMG_00690", "width": 1920, "height": 1079, "position": [-3.496790585897346, -0.5864501287076974, 0.6415595688666752], "rotation": [[0.13922039193231905, -0.7071128792629098, 0.6932597337583719], [0.7215033375633038, 0.5519434987145447, 0.4180805043430755], [-0.6782703121582314, 0.4419838800310084, 0.5870260926377213]], "fy": 1518.1646992771994, "fx": 1518.1646992771998}, {"id": 70, "img_name": "IMG_00700", "width": 1920, "height": 1079, "position": [-3.4920571061699945, -0.7009157220008275, 0.7556817283424062], "rotation": [[0.09489722994446995, -0.710377191303298, 0.6973942656954557], [0.72609446730614, 0.5286446924560885, 0.43968353811055977], [-0.6810149339744899, 0.46464936803362283, 0.5659678652447293]], "fy": 1518.1646992771994, "fx": 1518.1646992771998}, {"id": 71, "img_name": "IMG_00710", "width": 1920, "height": 1079, "position": [-3.4803030190618425, -0.8149271940431587, 0.8707445303958411], "rotation": [[0.04936222875721775, -0.7119998701414377, 0.7004423996951467], [0.7293338528772086, 0.5048274836489112, 0.4617589661284277], [-0.6823748979991909, 0.4880629023714914, 0.5442050182691354]], "fy": 1518.1646992771994, "fx": 1518.1646992771998}, {"id": 72, "img_name": "IMG_00720", "width": 1920, "height": 1079, "position": [-3.461610390754015, -0.9284956684839666, 0.9848085297803412], "rotation": [[0.0042328342328324265, -0.7123112828433413, 0.7018509239492606], [0.7311643084670415, 0.48100761676851367, 0.4837669135385219], [-0.6821882710354014, 0.5111206403039777, 0.5228526120399337]], "fy": 1518.1646992771994, "fx": 1518.1646992771998}, {"id": 73, "img_name": "IMG_00730", "width": 1920, "height": 1079, "position": [-3.436614905453764, -1.0427326588131753, 1.0967037486505995], "rotation": [[-0.04159331875567249, -0.7110895847704298, 0.7018700722113078], [0.73135841497157, 0.45693907757577207, 0.5062820836593719], [-0.6807237800203263, 0.5343765356143738, 0.5010557389149615]], "fy": 1518.1646992771994, "fx": 1518.1646992771998}, {"id": 74, "img_name": "IMG_00740", "width": 1920, "height": 1079, "position": [-3.405720368827991, -1.154774833090709, 1.2084506819598622], "rotation": [[-0.08718878305938782, -0.70844346416739, 0.7003613168837429], [0.7300454290931859, 0.4329119537812687, 0.5287919361463738], [-0.6778139771122815, 0.5574003035088808, 0.47945084636429497]], "fy": 1518.1646992771994, "fx": 1518.1646992771998}, {"id": 75, "img_name": "IMG_00750", "width": 1920, "height": 1079, "position": [-3.369121860123761, -1.2657663940554422, 1.3186724947662707], "rotation": [[-0.1325240351725792, -0.7042160299759387, 0.6975078230575663], [0.7271448412402978, 0.40914544728642377, 0.5512353243601271], [-0.6735709019540553, 0.580241144774929, 0.4578454476688397]], "fy": 1518.1646992771994, "fx": 1518.1646992771998}, {"id": 76, "img_name": "IMG_00760", "width": 1920, "height": 1079, "position": [-3.3257459150707773, -1.3773281192078735, 1.4261013263331233], "rotation": [[-0.17760074688810168, -0.6985392087927352, 0.6931817571777315], [0.7228638420648965, 0.3853666605679104, 0.5735506976352769], [-0.6677767894588463, 0.6029390605210084, 0.4365073295582553]], "fy": 1518.1646992771994, "fx": 1518.1646992771998}, {"id": 77, "img_name": "IMG_00770", "width": 1920, "height": 1079, "position": [-3.27661469472924, -1.488383135298587, 1.5325549990349117], "rotation": [[-0.22232588336757497, -0.6913127985846854, 0.6875011389793023], [0.717034628014724, 0.361864829073443, 0.5957475872443249], [-0.6606304139324904, 0.6254122320459191, 0.41524329759157785]], "fy": 1518.1646992771994, "fx": 1518.1646992771998}, {"id": 78, "img_name": "IMG_00780", "width": 1920, "height": 1079, "position": [-3.221161159745504, -1.5965420435710376, 1.637386995926474], "rotation": [[-0.2663191047399731, -0.6825422488627587, 0.6805954840930599], [0.7098629527615034, 0.3387753098625185, 0.6175158926896328], [-0.6520496321195333, 0.6475857996782528, 0.39428911893160207]], "fy": 1518.1646992771994, "fx": 1518.1646992771998}, {"id": 79, "img_name": "IMG_00790", "width": 1920, "height": 1079, "position": [-3.159328830516303, -1.7024398950545607, 1.7397670689811158], "rotation": [[-0.30964319810089586, -0.6724603591815398, 0.6722485814036969], [0.7011726253994335, 0.31605043647876147, 0.6391158509942072], [-0.6422445322930468, 0.6692601788026973, 0.3736479276118991]], "fy": 1518.1646992771994, "fx": 1518.1646992771998}, {"id": 80, "img_name": "IMG_00800", "width": 1920, "height": 1079, "position": [-3.091280457079502, -1.8065428314116012, 1.8403159216305698], "rotation": [[-0.35166485121438534, -0.6610605522588476, 0.6628203215559944], [0.6911902574521843, 0.2941597352731893, 0.6600955068376017], [-0.6313381506162503, 0.6902673369001567, 0.3534729737691669]], "fy": 1518.1646992771994, "fx": 1518.1646992771998}, {"id": 81, "img_name": "IMG_00810", "width": 1920, "height": 1079, "position": [-3.0168090696534167, -1.9066719616181307, 1.9391099964239458], "rotation": [[-0.3936217542488827, -0.6481626493588669, 0.6518796626357708], [0.6796990846929525, 0.2722331916973232, 0.6811007587764462], [-0.6189273534507861, 0.7111780855133143, 0.3333986530207083]], "fy": 1518.1646992771994, "fx": 1518.1646992771998}, {"id": 82, "img_name": "IMG_00820", "width": 1920, "height": 1079, "position": [-2.9361156341883285, -2.0045303344467844, 2.0357821209605333], "rotation": [[-0.43444159832352, -0.6341387808362284, 0.6396315379072912], [0.66701245690952, 0.2507110630231223, 0.7015969962915616], [-0.6052725666785422, 0.7314451240642441, 0.31405915129002665]], "fy": 1518.1646992771994, "fx": 1518.1646992771998}, {"id": 83, "img_name": "IMG_00830", "width": 1920, "height": 1079, "position": [-2.8499384993129944, -2.098685750009829, 2.1318147090037116], "rotation": [[-0.47471314165660944, -0.6185936468275096, 0.6260905152157746], [0.6527844621486393, 0.22968255513304256, 0.7218852885638193], [-0.5903557225231444, 0.7513905934813125, 0.29477499370193705]], "fy": 1518.1646992771994, "fx": 1518.1646992771998}, {"id": 84, "img_name": "IMG_00840", "width": 1920, "height": 1079, "position": [-2.756926018518546, -2.1908472728101964, 2.2232688046396656], "rotation": [[-0.5136202031981558, -0.6020020999597361, 0.6113818434585323], [0.6374966465765177, 0.2091667274084039, 0.7415168951203696], [-0.5742754674112241, 0.7706119333291737, 0.2763420629225555]], "fy": 1518.1646992771994, "fx": 1518.1646992771998}, {"id": 85, "img_name": "IMG_00850", "width": 1920, "height": 1079, "position": [-2.6601389448834594, -2.28283202823984, 2.3104856372575524], "rotation": [[-0.5509819000831123, -0.584666733611655, 0.5954693580602456], [0.6208565460185216, 0.18961426403173243, 0.760646816953608], [-0.5576343739824101, 0.788803677402421, 0.2585201413229985]], "fy": 1518.1646992771994, "fx": 1518.1646992771998}, {"id": 86, "img_name": "IMG_00860", "width": 1920, "height": 1079, "position": [-2.559393475937335, -2.3717381586888653, 2.395528541378157], "rotation": [[-0.5872692146436388, -0.5657628642065786, 0.5788153859535967], [0.6033727345219182, 0.17064955192078038, 0.7789865683468357], [-0.5394962583441945, 0.806716252417171, 0.24114865813147088]], "fy": 1518.1646992771994, "fx": 1518.1646992771998}, {"id": 87, "img_name": "IMG_00870", "width": 1920, "height": 1079, "position": [-2.4521031609671047, -2.456228829023787, 2.479780675535363], "rotation": [[-0.6226289426146553, -0.5453153528717746, 0.5612168615970906], [0.5846198809721049, 0.15256356273923266, 0.7968337054219493], [-0.520146897126877, 0.8242302622730157, 0.22381170693830532]], "fy": 1518.1646992771994, "fx": 1518.1646992771998}, {"id": 88, "img_name": "IMG_00880", "width": 1920, "height": 1079, "position": [-2.338473130051317, -2.5386324311193214, 2.5576059986681554], "rotation": [[-0.6570886142564509, -0.5237289868015302, 0.5421646441795879], [0.5645033962423084, 0.13477393120266995, 0.8143536719995049], [-0.4995702839895863, 0.8411563088106871, 0.20708837606815042]], "fy": 1518.1646992771994, "fx": 1518.1646992771998}, {"id": 89, "img_name": "IMG_00890", "width": 1920, "height": 1079, "position": [-2.2200072573538874, -2.620218472983241, 2.6289626366619725], "rotation": [[-0.6901921093851839, -0.5011505572757956, 0.5219990144479096], [0.5433250929575736, 0.11755655706178227, 0.8312510446636584], [-0.4779463311974194, 0.857338074993721, 0.19115106502708065]], "fy": 1518.1646992771994, "fx": 1518.1646992771998}, {"id": 90, "img_name": "IMG_00900", "width": 1920, "height": 1079, "position": [-2.0964480786968847, -2.698155263649984, 2.6968133192210346], "rotation": [[-0.7219191972442794, -0.47758669678473903, 0.5007430675550252], [0.5210474619724462, 0.10100888955330725, 0.8475297909827595], [-0.4553484545073662, 0.8727589307967288, 0.17592507977063296]], "fy": 1518.1646992771994, "fx": 1518.1646992771998}, {"id": 91, "img_name": "IMG_00910", "width": 1920, "height": 1079, "position": [-1.9689686754192306, -2.773092316703555, 2.759567445844575], "rotation": [[-0.7517210337292852, -0.4534564150280897, 0.47884524339168955], [0.4981135410428434, 0.0854521223044378, 0.8628909751662873], [-0.4322017904622021, 0.8871725956450298, 0.1616366228851822]], "fy": 1518.1646992771994, "fx": 1518.1646992771998}, {"id": 92, "img_name": "IMG_00920", "width": 1920, "height": 1079, "position": [-1.837332090177505, -2.8446905945362606, 2.8181531022481825], "rotation": [[-0.7802016293065862, -0.42813472963786303, 0.4560548990036852], [0.4742229370644188, 0.0706087225423719, 0.8775688088480185], [-0.4079191385426087, 0.900952308160009, 0.14794226857733328]], "fy": 1518.1646992771994, "fx": 1518.1646992771998}, {"id": 93, "img_name": "IMG_00930", "width": 1920, "height": 1079, "position": [-1.7011454005476918, -2.9120766115421066, 2.875092989579039], "rotation": [[-0.8071541986096264, -0.40208015267786323, 0.4322425829200515], [0.4493029539573832, 0.056521713039189125, 0.891589676656412], [-0.3829216045511418, 0.9138582202823704, 0.13503406233360973]], "fy": 1518.1646992771994, "fx": 1518.1646992771998}, {"id": 94, "img_name": "IMG_00940", "width": 1920, "height": 1079, "position": [-1.562699617857715, -2.974940875923143, 2.9278335124653405], "rotation": [[-0.8323755771165414, -0.3752899079887106, 0.4078092490144507], [0.42369838467991455, 0.0434176202196913, 0.9047621726586994], [-0.357254219624536, 0.9258900556849524, 0.12286996111409776]], "fy": 1518.1646992771994, "fx": 1518.1646992771998}, {"id": 95, "img_name": "IMG_00950", "width": 1920, "height": 1079, "position": [-1.4210988817120525, -3.035784292755193, 2.9739720441072213], "rotation": [[-0.8557384739685793, -0.34799538475948927, 0.3828979973256871], [0.39754481257836427, 0.03143704966687159, 0.9170440741318138], [-0.33116428877818344, 0.9369690091429583, 0.11144186710434408]], "fy": 1518.1646992771994, "fx": 1518.1646992771998}, {"id": 96, "img_name": "IMG_00960", "width": 1920, "height": 1079, "position": [-1.2759566788195078, -3.091383524379137, 3.0183349055415998], "rotation": [[-0.8773849426856681, -0.32015308498633555, 0.3573480999280662], [0.3707748498279024, 0.020259306672854926, 0.928501788489517], [-0.3045023367456536, 0.9471491765645302, 0.10092950138373405]], "fy": 1518.1646992771994, "fx": 1518.1646992771998}, {"id": 97, "img_name": "IMG_00970", "width": 1920, "height": 1079, "position": [-1.1282912035146193, -3.1387499283647027, 3.0594621082861226], "rotation": [[-0.8971847883997092, -0.2918821156632899, 0.33145781936784946], [0.34359938148085417, 0.010233000452520092, 0.9390605681997901], [-0.2774867933977083, 0.9563995588966255, 0.09110962206154169]], "fy": 1518.1646992771994, "fx": 1518.1646992771998}, {"id": 98, "img_name": "IMG_00980", "width": 1920, "height": 1079, "position": [-0.9771774409313828, -3.181406268824399, 3.097447214358157], "rotation": [[-0.9152614549472258, -0.2632230421586647, 0.30497557142273585], [0.31592142407674295, 0.0007809201259867695, 0.9487850357025448], [-0.24998024501389957, 0.9647346890417563, 0.08244305223786999]], "fy": 1518.1646992771994, "fx": 1518.1646992771998}, {"id": 99, "img_name": "IMG_00990", "width": 1920, "height": 1079, "position": [-0.823862684639832, -3.220661006900371, 3.1308868059999786], "r